-1328156662
911814160
-44698886
845798413
-1120049503
-437796401
325479901
744697070
1897921349
-660661873
-89594194
744824113
710861922
608740153
-337228989
933520724
1825799984
-1682936605
1598789467
1826824208
-1849424771
-93440960
735551748
805480691
-345487952
-34899622
-105986243
1035751468
-1148275191
850102398
665347803
-99551323
112346157
1941286774
-1690027600
1550642519
1926612961
458297853
-1267465240
2122225368
2072119317
1665454447
-1635241034
194232888
244292900
382106560
726947632
-1220890610
1614164826
1550579118
663391352
-400479539
1953427894
1377129530
-442806245
-386056357
-2008020752
2065062227
2035895741
166750948
2078518973
-1859221548
-1871243532
311382506
1818036560
1314521777
-454105996
1959089312
1806815012
-546002068
1153615213
-1402170248
1170710264
827077581
142991664
-1008189702
1758483483
2052396753
1711648536
-862441001
-1369384215
-1107186462
1349798055
1205488702
293751189
2063191880
-370984465
-1547763347
2075476264
-429605153
-319785933
-2099511158
735828680
-1688321526
-813873459
302056882
-1098996419
1238052327
-1168014767
239085650
